  -5.000  -0.0886   0.00673   0.00181  -0.1039  0.7529  0.0325  -2.6398   0.0000  -0.9528
  -4.500  -0.0312   0.00658   0.00162  -0.1040  0.7314  0.0362  -2.3050   0.0000  -3.1591
  -4.000   0.0258   0.00644   0.00143  -0.1040  0.7054  0.0445  -1.9889   0.0000   4.3502
  -3.500   0.0830   0.00635   0.00128  -0.1041  0.6797  0.0529  -1.6873   0.0000   1.5235
  -3.000   0.1400   0.00626   0.00115  -0.1041  0.6527  0.0655  -1.4171   0.0000   1.0032
  -2.500   0.1970   0.00621   0.00106  -0.1042  0.6242  0.0803  -1.1894   0.0000   0.7842
  -2.000   0.2541   0.00615   0.00099  -0.1043  0.5997  0.0998  -0.9725   0.0000   0.6634
  -1.500   0.3111   0.00612   0.00095  -0.1044  0.5750  0.1234  -0.7771   0.0000   0.5869
  -1.000   0.3684   0.00606   0.00092  -0.1046  0.5536  0.1547  -0.6986   0.0000   0.5341
  -0.500   0.4254   0.00604   0.00093  -0.1048  0.5309  0.1901  -0.7399   0.0000   0.4955
   0.000   0.4821   0.00605   0.00096  -0.1049  0.5076  0.2339  -0.7841   0.0000   0.4661
   0.500   0.5394   0.00599   0.00100  -0.1051  0.4943  0.2862  -0.8293   0.0000   0.4428
   1.000   0.5962   0.00595   0.00107  -0.1053  0.4770  0.3553  -0.8774   0.0000   0.4240
   1.500   0.6526   0.00569   0.00116  -0.1055  0.4651  0.5183  -0.9271   0.0000   0.4085
   2.000   0.7082   0.00547   0.00129  -0.1056  0.4495  0.6903  -0.9788   0.0000   0.3954
   2.500   0.7617   0.00515   0.00145  -0.1050  0.4407  0.8819  -1.0334   0.0000   0.3836
   3.000   0.8224   0.00518   0.00159  -0.1058  0.4225  0.9996  -1.0966   0.0000   0.3739
   3.500   0.8791   0.00531   0.00169  -0.1059  0.4137  1.0000  -1.1633   0.0000   0.3652
   4.000   0.9340   0.00557   0.00186  -0.1057  0.3919  1.0000  -1.2387   0.0000   0.3573
   4.500   0.9881   0.00589   0.00205  -0.1053  0.3639  1.0000  -1.3579   0.0000   0.3502
   5.000   1.0412   0.00629   0.00229  -0.1048  0.3310  1.0000  -1.5268   0.0000   0.3437
   5.500   1.0925   0.00682   0.00262  -0.1040  0.2896  1.0000  -1.7290   0.0000   0.3377
   6.000   1.1429   0.00741   0.00302  -0.1031  0.2495  1.0000  -1.9520   0.0000   0.3321
   6.500   1.1900   0.00824   0.00356  -0.1017  0.1931  1.0000  -2.1993   0.0000   0.3267
   7.000   1.2360   0.00911   0.00416  -0.1001  0.1447  1.0000  -2.4533   0.0000   0.3216
   7.500   1.2809   0.01003   0.00484  -0.0983  0.1007  1.0000  -2.7335   0.0000   0.3167
   8.000   1.3257   0.01088   0.00550  -0.0965  0.0703  1.0000  -3.0527   0.0000   0.3120
   8.500   1.3709   0.01164   0.00615  -0.0948  0.0528  1.0000  -3.3854   0.0000   0.3077
   9.000   1.4155   0.01236   0.00680  -0.0929  0.0411  1.0000  -3.7291   0.0000   0.3035
   9.500   1.4595   0.01305   0.00746  -0.0910  0.0334  1.0000  -4.0817   0.0000   0.2994
  10.000   1.4997   0.01382   0.00819  -0.0885  0.0265  1.0000  -4.4338   0.0000   0.2952


